1 0.17870036101083034 0.26 0.08664259927797835 0.23333333333333334
1 0.2157039711191336 0.4966666666666667 0.09927797833935019 0.24000000000000002
1 0.2256317689530686 0.16666666666666669 0.08664259927797835 0.23333333333333334
1 0.46750902527075816 0.060000000000000005 0.06498194945848376 0.11333333333333334
1 0.7815884476534296 0.19 0.09747292418772563 0.21333333333333335
1 0.8925992779783394 0.21000000000000002 0.0884476534296029 0.24000000000000002
1 0.9648014440433214 0.07 0.0703971119133574 0.13333333333333333
1 0.2933212996389892 0.31 0.09205776173285199 0.24000000000000002
1 0.3203971119133574 0.5433333333333333 0.10649819494584838 0.26666666666666666
1 0.3853790613718412 0.36333333333333334 0.08483754512635379 0.24000000000000002
1 0.4593862815884477 0.32 0.0884476534296029 0.24666666666666667
1 0.4954873646209386 0.5466666666666667 0.11010830324909748 0.26
1 0.0631768953068592 0.06666666666666667 0.10108303249097474 0.12666666666666668
1 0.6119133574007221 0.46 0.09386281588447654 0.24666666666666667
1 0.7021660649819494 0.53 0.09747292418772563 0.22666666666666668
1 0.7906137184115524 0.41000000000000003 0.09025270758122744 0.25333333333333335
1 0.8799638989169676 0.49000000000000005 0.09927797833935019 0.24000000000000002
1 0.9638989169675091 0.3166666666666667 0.07220216606498195 0.25333333333333335
1 0.9720216606498195 0.5233333333333333 0.055956678700361015 0.24000000000000002
1 0.5604693140794224 0.26 0.09205776173285199 0.24666666666666667
1 0.6859205776173285 0.26666666666666666 0.09025270758122744 0.22
1 0.6119133574007221 0.1366666666666667 0.09386281588447654 0.24000000000000002
1 0.3871841155234657 0.08333333333333334 0.0884476534296029 0.16
1 0.06498194945848376 0.32333333333333336 0.09747292418772563 0.25333333333333335
1 0.10469314079422383 0.5233333333333333 0.10469314079422383 0.24000000000000002
