1 0.154 0.17073170731707318 0.088 0.14634146341463417
1 0.089 0.041158536585365856 0.062 0.07621951219512195
1 0.28600000000000003 0.03048780487804878 0.052000000000000005 0.054878048780487805
1 0.034 0.025914634146341466 0.056 0.04573170731707317
1 0.579 0.11737804878048781 0.07 0.11890243902439025
1 0.648 0.2621951219512195 0.088 0.1524390243902439
1 0.671 0.059451219512195126 0.07 0.11280487804878049
1 0.6920000000000001 0.16463414634146342 0.068 0.13414634146341464
1 0.73 0.11128048780487805 0.056 0.14329268292682928
1 0.337 0.18597560975609756 0.082 0.14634146341463417
1 0.592 0.40396341463414637 0.096 0.20426829268292684
1 0.391 0.04573170731707317 0.062 0.07926829268292683
1 0.74 0.4679878048780488 0.124 0.2225609756097561
1 0.423 0.17378048780487806 0.082 0.1524390243902439
1 0.834 0.43140243902439024 0.108 0.19817073170731708
1 0.489 0.07774390243902439 0.082 0.10670731707317073
1 0.769 0.6829268292682927 0.154 0.2378048780487805
1 0.052000000000000005 0.3719512195121951 0.1 0.15853658536585366
1 0.839 0.638719512195122 0.11800000000000001 0.24085365853658539
1 0.08 0.6036585365853658 0.132 0.21341463414634146
1 0.618 0.8932926829268293 0.148 0.20731707317073172
1 0.114 0.2606707317073171 0.096 0.1676829268292683
1 0.267 0.8475609756097561 0.126 0.25609756097560976
1 0.201 0.5579268292682927 0.11 0.20121951219512196
1 0.303 0.6051829268292683 0.13 0.24085365853658539
1 0.325 0.35823170731707316 0.09 0.18597560975609756
1 0.41500000000000004 0.8414634146341464 0.14200000000000002 0.28658536585365857
1 0.796 0.16463414634146342 0.084 0.13414634146341464
1 0.837 0.11890243902439025 0.054 0.1402439024390244
1 0.907 0.3155487804878049 0.106 0.1798780487804878
1 0.891 0.09451219512195122 0.058 0.1402439024390244
1 0.9490000000000001 0.19817073170731708 0.082 0.15853658536585366
1 0.935 0.5015243902439025 0.126 0.2225609756097561
1 0.933 0.8445121951219513 0.134 0.3048780487804878
1 0.515 0.43597560975609756 0.11 0.20731707317073172
1 0.556 0.7301829268292683 0.132 0.2530487804878049
1 0.59 0.6082317073170732 0.14400000000000002 0.2225609756097561
1 0.41400000000000003 0.4405487804878049 0.096 0.1798780487804878
1 0.257 0.1798780487804878 0.066 0.1402439024390244
