1 0.26324786324786326 0.8400000000000001 0.13675213675213677 0.30000000000000004
1 0.3034188034188034 0.5366666666666667 0.1282051282051282 0.29333333333333333
1 0.32564102564102565 0.21666666666666667 0.09401709401709402 0.22666666666666668
1 0.4153846153846154 0.8300000000000001 0.13333333333333333 0.33333333333333337
1 0.41452991452991456 0.33333333333333337 0.09401709401709402 0.23333333333333334
1 0.05042735042735043 0.24000000000000002 0.09743589743589744 0.2066666666666667
1 0.07606837606837606 0.5333333333333333 0.13504273504273503 0.30000000000000004
1 0.11623931623931624 0.10333333333333335 0.09572649572649572 0.18666666666666668
1 0.20427350427350427 0.4766666666666667 0.10427350427350428 0.26666666666666666
1 0.7418803418803419 0.3666666666666667 0.1094017094017094 0.24666666666666667
1 0.7700854700854701 0.64 0.15213675213675212 0.2866666666666667
1 0.8341880341880342 0.31333333333333335 0.10256410256410256 0.24666666666666667
1 0.8401709401709402 0.5733333333333334 0.1076923076923077 0.31333333333333335
1 0.9128205128205128 0.17333333333333334 0.09230769230769231 0.22
1 0.9376068376068376 0.4133333333333334 0.12478632478632479 0.2733333333333334
1 0.5128205128205128 0.32333333333333336 0.11623931623931624 0.26666666666666666
1 0.5504273504273505 0.7066666666666667 0.13675213675213677 0.31333333333333335
1 0.588034188034188 0.54 0.14358974358974358 0.2733333333333334
1 0.5914529914529915 0.2866666666666667 0.08888888888888889 0.24666666666666667
1 0.6452991452991453 0.11 0.09401709401709402 0.18666666666666668
